0 43 274
0 20 23
0 33 77
0 37 323
1 34 125
2 22 70
2 5 219
2 39 221
2 46 478
2 16 334
3 24 359
4 35 89
4 20 283
5 44 3
6 25 468
6 22 7
6 24 191
7 6 93
7 36 460
7 39 415
8 12 471
8 28 278
8 4 317
8 23 361
8 11 86
9 23 450
9 16 497
10 2 396
10 8 291
10 34 18
11 14 463
11 40 26
11 44 244
11 27 131
12 35 3
13 34 170
13 22 90
13 23 360
13 49 183
13 33 448
14 1 257
14 28 108
14 11 289
15 24 125
15 23 353
15 48 321
16 8 55
16 35 128
17 24 11
17 22 250
17 5 107
17 19 246
18 23 8
18 19 260
18 11 103
18 32 402
19 27 89
19 46 171
19 41 274
20 32 220
20 48 299
20 2 279
20 10 401
21 15 488
21 30 16
21 25 303
22 48 319
23 44 321
24 8 475
24 3 241
25 33 194
25 30 450
25 18 37
25 9 48
25 43 21
26 46 310
27 44 386
28 43 75
29 44 469
29 32 223
29 30 146
30 10 411
30 19 137
30 36 343
30 37 113
30 8 383
31 39 350
31 11 64
32 36 67
32 28 52
33 41 112
33 22 319
33 36 180
33 1 242
33 44 377
34 9 163
34 40 275
34 8 370
35 48 343
36 35 72
37 36 202
38 25 277
39 34 276
39 10 246
39 36 12
40 15 312
40 17 352
41 23 294
41 28 233
41 25 400
41 22 266
42 21 107
42 49 156
42 45 421
43 39 334
43 25 383
43 17 411
43 27 269
44 10 305
44 42 95
44 36 90
45 12 98
45 42 167
46 39 122
46 49 488
46 29 371
47 34 32
48 34 117
48 33 358
48 39 82
49 42 442
49 48 36
49 8 354
49 35 99
49 38 405
