0 63 300
0 69 239
1 62 434
2 20 5
2 35 439
2 56 30
2 64 344
2 71 455
3 45 28
3 31 339
3 92 536
3 93 7
4 55 206
4 48 55
5 52 830
6 16 648
7 89 890
7 22 498
7 25 352
7 31 986
8 62 336
8 58 745
9 14 447
10 75 356
10 4 206
10 38 281
11 66 806
11 34 790
11 98 897
11 23 577
11 41 90
12 95 668
12 21 523
12 6 930
13 32 408
14 36 770
14 19 261
14 72 548
14 30 384
15 52 225
15 89 330
15 10 352
15 37 448
16 52 785
16 8 884
16 2 221
16 63 322
17 99 928
17 51 864
17 68 62
17 48 534
17 31 835
18 12 545
18 80 427
18 36 417
18 5 585
19 14 377
19 20 13
19 56 193
19 40 58
19 2 217
20 82 998
20 41 291
20 92 791
20 32 81
20 78 744
21 83 434
22 8 872
22 89 248
22 92 130
22 96 841
22 46 984
23 45 368
23 42 217
23 4 651
24 85 348
24 87 82
24 16 816
24 17 569
24 93 545
25 99 914
26 96 419
26 16 680
27 83 23
27 44 417
27 52 101
28 96 186
28 56 304
29 36 561
29 5 755
29 90 950
30 4 404
30 71 28
30 82 662
30 73 273
30 56 52
31 43 471
31 85 16
31 33 345
31 55 260
31 16 140
32 20 95
32 26 926
32 80 678
32 8 721
33 61 699
33 51 879
34 49 540
35 30 847
35 59 316
35 20 255
35 88 937
36 59 373
36 56 653
37 94 495
37 67 839
37 27 950
37 69 691
37 87 416
38 72 84
38 9 34
38 85 995
38 32 368
39 87 827
39 69 899
39 36 243
39 23 585
40 77 191
40 74 304
40 93 986
40 68 949
40 45 370
41 55 390
41 70 626
41 68 327
42 69 151
43 34 548
44 76 201
44 23 18
44 84 581
44 15 863
44 46 141
45 44 580
45 86 610
45 27 286
45 93 668
45 95 59
46 75 921
47 28 695
47 90 345
47 74 213
47 2 934
47 14 652
48 21 617
48 7 506
48 86 324
49 9 569
49 69 20
49 77 323
50 98 778
51 31 461
51 15 805
51 97 341
51 12 882
52 11 321
52 18 881
52 75 785
53 64 548
53 89 55
53 65 228
53 7 838
54 40 346
54 1 899
55 11 599
56 81 507
57 39 889
57 35 98
57 34 628
58 14 560
58 31 867
59 97 166
60 42 898
61 15 293
62 67 467
62 8 582
62 29 906
62 50 599
63 47 901
63 42 232
63 8 47
63 14 904
64 75 74
64 21 767
65 63 664
65 51 541
65 5 250
66 73 86
66 99 835
67 41 517
67 87 187
68 20 907
68 56 833
68 52 292
68 50 50
69 35 53
69 50 428
69 27 894
69 92 591
70 93 951
70 11 480
71 57 330
71 74 621
71 52 412
71 48 385
71 46 159
72 52 724
72 36 682
72 73 911
72 9 695
72 58 707
73 39 728
74 19 812
74 18 507
74 7 490
75 16 515
76 86 650
76 10 398
76 64 538
76 54 531
76 91 122
77 27 698
77 99 38
77 24 32
77 45 520
78 33 102
78 17 521
79 39 271
79 46 339
79 95 951
80 75 133
81 75 663
81 15 172
81 66 426
81 94 424
81 26 720
82 27 940
82 2 490
82 4 162
82 1 68
83 37 213
83 65 76
83 19 179
83 36 940
84 98 845
84 39 501
84 63 219
84 1 44
84 18 830
85 10 902
85 47 173
85 70 915
85 26 507
85 73 439
86 2 128
86 53 226
86 13 620
86 33 549
87 4 871
88 38 657
88 34 659
89 31 55
89 7 272
90 40 187
90 52 20
90 70 995
90 59 169
91 34 355
91 60 406
91 38 298
91 57 192
91 53 151
92 59 94
92 45 384
92 15 20
93 5 321
93 1 509
93 12 370
93 55 307
93 22 56
94 12 508
94 54 575
95 56 710
95 47 455
95 85 809
95 14 487
96 6 869
96 62 803
96 23 67
96 15 269
96 43 673
97 3 304
97 11 755
98 16 272
98 83 539
98 18 372
99 91 52
99 71 792
99 96 648
