0 0 -1
1 1594 93
2 1552 19
3 1078 97
4 1408 10
5 1406 93
6 2385 12
7 1452 89
8 347 63
9 1517 38
10 1202 15
11 1396 52
12 1455 93
13 2336 86
14 1204 63
15 850 92
16 1375 31
17 1812 78
18 1817 98
19 1335 83
20 547 35
21 1978 12
22 1141 93
23 1568 44
24 1616 77
25 1804 7
26 1554 32
27 1133 69
28 1896 47
29 1589 62
30 1139 35
31 1235 89
32 628 20
33 1393 78
34 1888 88
35 292 69
36 1974 14
37 1298 15
38 1483 10
39 2140 73
40 1393 19
41 838 20
42 532 63
43 1706 31
44 1550 27
45 1106 3
46 1326 71
47 1201 63
48 1463 4
49 2428 34
50 667 69
51 1773 65
52 1075 15
53 1825 91
54 2282 76
55 1228 41
56 1191 30
57 1497 71
58 1092 8
59 608 35
60 2080 91
61 2092 33
62 683 8
63 300 0
64 1896 2
65 1232 83
66 2124 81
67 1150 62
68 1165 41
69 239 0
70 1464 41
71 1167 30
72 1567 38
73 1412 30
74 1414 47
75 1439 80
76 1751 44
77 1584 40
78 1291 20
79 -1 -1
80 1306 32
81 1698 56
82 1545 20
83 1156 27
84 2131 44
85 1251 31
86 1716 45
87 1337 67
88 1229 35
89 1180 15
90 1546 47
91 1674 99
92 830 69
93 1085 3
94 1793 37
95 1165 45
96 1973 26
97 774 59
98 1445 50
99 1622 77
